1 
0 
750 1000 0 750 
4 
27.63 0.07232 11.2828 26
27.63 0.07232 11      26.2828 
27.63 0.07232 10.7172 26
27.63 0.07232 11   25.7172 
4 
27.63 0.07232 0.2828 28
27.63 0.07232 0      28.2828 
27.63 0.07232 -0.2828 28
27.63 0.07232 0   27.7172  
4 
27.63 0.07232 -11.2828 26
27.63 0.07232 -11      26.2828 
27.63 0.07232 -10.7172 26
27.63 0.07232 -11   25.7172 
2 
1 9 4.09 -9.8 39 0 
1 9 4.09 9.8 39 0 
2000 2000 100 2000 2000 2000 
0 
1000 3 
1000 3 
1.5 1.5 
2 20 
1.5 20 
0.87
